index	1998-1	1998-2	1998-3	1998-4	1999-1	1999-2	1999-3	1999-4	2000-1	2000-2	2000-3	2000-4	2001-1	2001-2	2001-3	2001-4	2002-1	2002-2	2002-3	2002-4	2003-1	2003-2	2003-3	2003-4	2004-1	2004-2	2004-3	2004-4	2005-1	2005-2	2005-3	2005-4	2006-1	2006-2	2006-3	2006-4	2007-1	2007-2	2007-3	2007-4	2008-1	2008-2	2008-3	2008-4	2009-1	2009-2	2009-3	2009-4	2010-1	2010-2	2010-3	2010-4	2011-1	2011-2	2011-3	2011-4	2012-1	2012-2	2012-3	2012-4	2013-1	2013-2	2013-3	2013-4	2014-1	2014-2	2014-3	2014-4	2015-1	2015-2	2015-3	2015-4	2016-1	2016-2	2016-3	2016-4	2017-1	2017-2	2017-3	2017-4	2018-1	2018-2
fuel_used_coal	8,73 	6,93 	6,70 	7,75 	7,38 	5,47 	5,44 	7,23 	7,73 	6,35 	6,20 	8,38 	9,73 	7,06 	6,37 	8,45 	8,94 	5,73 	6,01 	8,94 	9,60 	7,10 	6,47 	9,37 	9,82 	6,13 	6,22 	9,14 	10,19 	6,65 	5,55 	10,18 	11,88 	7,33 	6,81 	9,93 	9,38 	6,23 	6,64 	10,68 	8,60 	6,65 	5,59 	9,12 	9,40 	4,87 	3,96 	6,43 	7,64 	4,66 	4,83 	8,44 	8,36 	4,61 	4,65 	8,41 	10,04 	7,45 	7,01 	9,83 	9,90 	6,87	6,48	8,10	8,27	5,27	3,88	6,55	7,06	3,85	3,15	4,28	3,58	1,13	0,74	2,09	2,49	0,41	0,55	2,11	2,17	0,33
fuel_used_oil	0,57 	0,38 	0,36 	0,39 	0,51 	0,30 	0,35 	0,38 	0,39 	0,34 	0,39 	0,42 	0,45 	0,29 	0,28 	0,40 	0,37 	0,24 	0,27 	0,40 	0,42 	0,24 	0,25 	0,28 	0,33 	0,27 	0,22 	0,28 	0,39 	0,19 	0,22 	0,51 	0,70 	0,21 	0,22 	0,30 	0,30 	0,26 	0,22 	0,38 	0,27 	0,32 	0,40 	0,59 	0,55 	0,28 	0,30 	0,39 	0,36 	0,23 	0,27 	0,32 	0,22 	0,17 	0,20 	0,20 	0,18 	0,19 	0,16 	0,19 	0,14 	0,13 	0,17 	0,16 	0,14	0,16	0,13	0,12	0,14	0,13	0,17	0,17	0,11	0,15	0,16	0,16	0,10	0,10	0,14	0,15	0,11	0,08
fuel_used_gas	5,91 	5,36 	5,41 	6,34 	6,97 	6,28 	6,41 	7,46 	7,58 	6,68 	6,54 	7,11 	7,05 	6,76 	6,24 	6,82 	7,10 	7,14 	7,17 	6,96 	6,84 	6,58 	7,07 	7,42 	7,20 	7,04 	7,36 	7,66 	6,79 	7,37 	7,65 	6,71 	5,80 	6,42 	6,91 	7,65 	8,12 	8,11 	6,89 	7,48 	8,57 	7,88 	8,39 	7,56 	7,11 	7,19 	7,90 	8,69 	8,88 	8,44 	7,53 	7,57 	7,00 	6,70 	6,92 	5,96 	5,11 	4,64 	4,24 	4,63 	5,08 	4,37	3,89	4,36	4,11	4,36	5,35	4,91	4,40	4,28	4,76	4,85	6,18	6,13	5,88	7,43	6,78	5,74	5,47	6,60	6,64	5,71
fuel_used_nuclear	6,03 	5,49 	5,33 	6,27 	6,13 	5,76 	5,02 	5,31 	5,30 	4,86 	4,55 	4,92 	5,25 	4,65 	5,16 	5,70 	5,62 	4,93 	4,72 	4,83 	5,54 	5,07 	4,71 	4,72 	5,34 	4,22 	4,24 	4,36 	5,06 	4,46 	4,59 	4,27 	5,08 	4,50 	4,27 	3,28 	3,46 	3,37 	3,86 	3,35 	3,28 	2,77 	2,74 	3,12 	3,74 	3,99 	3,91 	3,59 	4,08 	3,11 	2,92 	3,82 	4,41 	4,34 	3,57 	3,31 	3,71 	4,00 	3,89 	3,60 	4,00 	3,38	4,09	3,97	3,59	3,80	3,40	3,05	4,00	3,72	3,64	4,11	3,73	3,58	4,05	4,06	3,79	3,83	3,91	3,59	3,58	3,58
fuel_used_hydro	0,16 	0,07 	0,07 	0,13 	0,16 	0,09 	0,06 	0,14 	0,18 	0,06 	0,05 	0,15 	0,09 	0,05 	0,05 	0,16 	0,17 	0,10 	0,06 	0,09 	0,08 	0,06 	0,04 	0,09 	0,13 	0,06 	0,08 	0,14 	0,14 	0,09 	0,06 	0,13 	0,10 	0,08 	0,06 	0,16 	0,17 	0,07 	0,08 	0,11 	0,17 	0,07 	0,06 	0,14 	0,13 	0,08 	0,10 	0,14 	0,07 	0,06 	0,07 	0,11 	0,11 	0,10 	0,11 	0,17 	0,16 	0,07 	0,09 	0,14 	0,11 	0,08	0,06	0,15	0,19	0,10	0,07	0,15	0,17	0,12	0,09	0,16	0,19	0,08	0,10	0,11	0,16	0,08	0,11	0,16	0,12	0,07
fuel_used_wind_solar	0,02 	0,02 	0,02 	0,02 	0,02 	0,02 	0,02 	0,02 	0,02 	0,02 	0,02 	0,02 	0,02 	0,02 	0,02 	0,02 	0,02 	0,02 	0,03 	0,03 	0,03 	0,02 	0,02 	0,04 	0,04 	0,03 	0,04 	0,05 	0,06 	0,05 	0,06 	0,08 	0,09 	0,07 	0,09 	0,12 	0,14 	0,08 	0,10 	0,13 	0,19 	0,11 	0,11 	0,20 	0,25 	0,17 	0,18 	0,22 	0,21 	0,14 	0,24 	0,30 	0,29 	0,32 	0,27 	0,52 	0,45 	0,37 	0,42 	0,58 	0,60 	0,62	0,48	0,93	0,99	0,57	0,58	0,96	1,10	0,98	0,85	1,18	1,12	0,96	1,03	1,00	1,25	1,27	1,17	1,60	1,67	1,28
fuel_used_bioenergy	0,27 	0,28 	0,29 	0,30 	0,33 	0,34 	0,36 	0,36 	0,37 	0,38 	0,40 	0,41 	0,45 	0,45 	0,48 	0,49 	0,51 	0,50 	0,51 	0,55 	0,57 	0,58 	0,60 	0,67 	0,62 	0,65 	0,70 	0,79 	0,84 	0,78 	0,81 	0,92 	0,95 	0,79 	0,81 	0,93 	0,89 	0,81 	0,79 	0,93 	0,87 	0,84 	0,84 	0,99 	1,03 	0,91 	0,90 	1,03 	1,05 	1,05 	1,10 	1,13 	1,15 	1,12 	1,16 	1,18 	1,29 	1,10 	1,21 	1,34 	1,25 	2,85	1,32	1,33	1,39	1,60	1,71	1,89	2,01	2,03	2,07	2,32	2,66	2,54	2,25	2,55	2,93	2,70	2,73	2,60	2,64	2,88
fuel_used_other_fuels	0,36 	0,34 	0,37 	0,31 	0,37 	0,34 	0,37 	0,31 	0,33 	0,30 	0,33 	0,39 	0,32 	0,30 	0,21 	0,21 	0,26 	0,23 	0,28 	0,30 	0,40 	0,37 	0,36 	0,39 	0,33 	0,30 	0,33 	0,43 	0,46 	0,46 	0,49 	0,48 	0,43 	0,42 	0,35 	0,34 	0,31 	0,32 	0,34 	0,29 	0,29 	0,31 	0,26 	0,27 	0,23 	0,23 	0,25 	0,28 	0,23 	0,19 	0,20 	0,17 	0,28 	0,26 	0,29 	0,16 	0,20 	0,20 	0,27 	0,26 	0,34 	0,38	0,34	0,35	0,41	0,37	0,42	0,43	0,49	0,43	0,51	0,28	0,46	0,45	0,45	0,54	0,44	0,44	0,38	0,43	0,43	0,43
fuel_used_net_imports	0,36 	0,34 	0,07 	0,29 	0,31 	0,32 	0,28 	0,31 	0,28 	0,32 	0,32 	0,30 	0,28 	0,23 	0,23 	0,16 	0,16 	0,24 	0,06 	0,27 	0,07 	0,03 	-0,02 	0,11 	0,11 	0,14 	0,18 	0,21 	0,12 	0,18 	0,17 	0,25 	0,12 	0,25 	0,14 	0,14 	0,10 	0,08 	0,23 	0,05 	0,21 	0,31 	0,32 	0,11 	0,05 	0,24 	0,07 	-0,11 	-0,15 	0,12 	0,24 	0,02 	0,09 	0,13 	0,20 	0,11 	0,17 	0,27 	0,35 	0,23 	0,24 	0,31 	0,40 	0,29 	0,42	0,44	0,47	0,44	0,43	0,48	0,51	0,40	0,52	0,46	0,41	0,14	0,22	0,45	0,46	0,14	0,46	0,45
fuel_used_total	22,41 	19,21 	18,63 	21,80 	22,18 	18,92 	18,31 	21,53 	22,19 	19,33 	18,81 	22,09 	23,63 	19,81 	19,05 	22,42 	23,15 	19,13 	19,09 	22,38 	23,55 	20,05 	19,50 	23,09 	23,92 	18,85 	19,37 	23,07 	24,05 	20,21 	19,60 	23,53 	25,14 	20,08 	19,65 	22,84 	22,87 	19,32 	19,14 	23,40 	22,46 	19,26 	18,71 	22,09 	22,50 	17,96 	17,57 	20,67 	22,37 	18,01 	17,39 	21,87 	21,90 	17,74 	17,37 	20,02 	21,31 	18,30 	17,65 	20,79 	21,65 	19,00 	17,23 	19,64 	19,52 	16,66 	15,99 	18,51 	19,78	16,02	15,76	17,75	18,53	15,48	15,08	18,07	18,16	15,03	14,92	17,37	17,83	14,81
generated_coal	35,39 	28,54 	27,31 	31,74 	30,54 	22,56 	22,78 	30,30 	32,56 	26,57 	25,32 	35,50 	41,01 	29,13 	26,00 	35,31 	37,36 	24,28 	24,88 	37,77 	40,68 	30,27 	27,20 	40,31 	41,49 	25,75 	25,99 	38,56 	42,54 	27,51 	22,17 	42,42 	50,03 	30,03 	28,26 	40,52 	39,00 	25,39 	27,00 	44,56 	35,22 	27,70 	23,18 	38,28 	39,83 	20,13 	16,40 	26,67 	32,62 	19,53 	19,79 	35,66 	35,13 	19,04 	19,10 	35,18 	42,04 	31,23 	28,77 	40,75 	41,43 	28,84 	26,55 	33,44 	34,55 	22,10 	15,90 	27,70 	29,55	16,01	12,83	17,48	14,69	4,58	2,71	8,69	10,43	1,54	2,16	8,40	8,79	1,24
generated_oil	2,13 	1,77 	2,42 	1,86 	2,04 	1,46 	1,45 	1,60 	1,80 	1,51 	1,41 	1,80 	1,95 	1,40 	0,77 	1,13 	1,18 	0,92 	1,14 	1,55 	1,29 	1,11 	0,91 	1,28 	1,32 	1,08 	0,97 	1,28 	1,54 	0,83 	0,83 	2,14 	2,38 	1,13 	1,20 	1,46 	1,36 	1,15 	0,91 	1,62 	1,17 	1,36 	1,73 	2,45 	2,15 	1,13 	1,14 	1,58 	1,44 	0,92 	1,14 	1,31 	0,91 	0,56 	0,77 	0,88 	0,86 	0,67 	0,56 	0,80 	0,53 	0,46 	0,59 	0,49 	0,55 	0,51 	0,45 	0,42 	0,52	0,42	0,54	0,55	0,34	0,56	0,45	0,54	0,37	0,36	0,46	0,43	0,43	0,28
generated_gas	30,11 	26,74 	27,91 	33,03 	36,84 	32,77 	33,58 	39,71 	40,90 	35,41 	34,78 	36,99 	37,47 	35,91 	32,94 	35,58 	38,29 	38,71 	37,89 	37,39 	36,92 	35,29 	37,61 	39,06 	39,25 	37,79 	39,35 	40,68 	36,54 	39,79 	40,96 	35,36 	30,59 	34,48 	36,15 	39,60 	43,73 	44,40 	37,32 	40,35 	48,52 	42,74 	44,10 	40,85 	37,99 	38,83 	42,86 	46,82 	48,19 	45,49 	40,83 	41,15 	38,30 	36,92 	38,61 	32,66 	27,23 	25,23 	22,98 	24,73 	27,24 	24,17 	21,33 	23,11 	21,75 	23,77 	29,15 	26,23 	23,63	23,48	26,56	26,20	33,99	34,44	32,63	42,06	37,94	31,80	30,18	36,90	36,93	32,13
generated_nuclear	25,96 	23,63 	22,93 	26,97 	26,24 	24,65 	21,50 	22,74 	22,97 	21,07 	19,71 	21,31 	22,78 	20,18 	22,38 	24,75 	24,55 	21,55 	20,62 	21,13 	24,52 	22,44 	20,83 	20,89 	23,54 	18,60 	18,67 	19,19 	22,46 	19,80 	20,37 	18,98 	22,37 	19,84 	18,79 	14,45 	15,55 	15,12 	17,32 	15,04 	14,47 	12,20 	12,07 	13,75 	16,95 	18,11 	17,73 	16,30 	18,19 	13,88 	13,02 	17,05 	19,45 	19,15 	15,76 	14,62 	17,20 	18,53 	18,03 	16,65 	18,28 	15,47 	18,69 	18,16 	16,53 	17,50 	15,66 	14,06 	18,17	16,92	16,56	18,69	17,34	16,66	18,86	18,87	17,64	17,83	18,17	16,69	16,64	16,63
generated_hydro	1,87 	0,82 	0,86 	1,56 	1,88 	1,07 	0,74 	1,65 	2,13 	0,68 	0,57 	1,70 	1,04 	0,58 	0,63 	1,80 	1,97 	1,14 	0,65 	1,03 	0,98 	0,69 	0,51 	1,05 	1,52 	0,73 	0,97 	1,62 	1,65 	1,03 	0,73 	1,52 	1,12 	0,97 	0,68 	1,83 	1,96 	0,85 	0,95 	1,32 	1,98 	0,85 	0,73 	1,58 	1,57 	0,92 	1,13 	1,61 	0,84 	0,65 	0,86 	1,24 	1,30 	1,14 	1,23 	2,02 	1,83 	0,80 	1,05 	1,64 	1,25 	0,97 	0,74 	1,74 	2,24 	1,11 	0,78 	1,75 	2,01	1,43	1,03	1,83	2,17	0,98	1,20	1,26	1,90	0,91	1,32	1,80	1,39	0,87
generated_wind_solar	0,21 	0,21 	0,22 	0,23 	0,20 	0,21 	0,22 	0,23 	0,23 	0,23 	0,24 	0,25 	0,25 	0,24 	0,23 	0,25 	0,25 	0,28 	0,33 	0,40 	0,40 	0,25 	0,20 	0,44 	0,50 	0,36 	0,46 	0,62 	0,75 	0,54 	0,69 	0,93 	1,09 	0,79 	1,01 	1,35 	1,65 	0,93 	1,19 	1,51 	2,22 	1,27 	1,31 	2,35 	2,60 	1,98 	2,12 	2,60 	2,43 	1,67 	2,77 	3,45 	3,41 	3,69 	3,12 	5,99 	5,25 	4,33 	4,91 	6,71 	6,92 	7,19 	5,59 	10,71 	11,52 	6,60 	6,69 	11,20 	12,78	11,44	9,92	13,68	12,99	11,12	11,93	11,63	14,50	14,80	13,59	18,64	19,39	14,85
generated_of_which_offshore																																																	0,67 	0,46 	0,83 	1,10 	1,00 	1,13 	1,10 	1,92 	1,51 	1,65 	1,71 	2,74 	2,82 	2,63 	1,98 	4,03 	4,38 	2,09 	2,24 	4,69 	4,68	3,58	3,41	5,76	5,15	3,25	3,58	4,42	5,17	3,99	3,96	7,84	7,97	4,75
generated_bioenergy	0,77 	0,80 	0,81 	0,86 	0,93 	0,99 	1,02 	1,04 	1,08 	1,02 	1,11 	1,12 	1,16 	1,23 	1,32 	1,34 	1,43 	1,37 	1,39 	1,44 	1,70 	1,58 	1,59 	1,82 	1,93 	1,94 	1,92 	2,15 	2,53 	2,23 	2,19 	2,74 	2,59 	2,32 	2,30 	2,72 	2,47 	2,14 	2,16 	2,55 	2,42 	2,28 	2,29 	2,58 	2,82 	2,54 	2,49 	2,87 	2,97 	2,93 	3,13 	3,24 	3,36 	3,16 	3,35 	3,45 	3,93 	3,01 	3,54 	4,26 	4,14 	5,06 	4,46 	4,44 	4,57 	5,45 	5,91 	6,69 	6,96	7,02	7,06	8,22	8,53	7,71	6,22	7,61	8,92	7,84	7,78	7,33	7,46	8,53
generated_pumped_storage	0,46 	0,44 	0,40 	0,33 	0,81 	0,64 	0,79 	0,67 	0,70 	0,64 	0,63 	0,72 	0,68 	0,37 	0,57 	0,80 	0,74 	0,59 	0,64 	0,69 	0,65 	0,59 	0,77 	0,72 	0,71 	0,63 	0,61 	0,69 	0,77 	0,56 	0,69 	0,91 	1,07 	0,80 	0,99 	0,99 	0,89 	0,87 	1,03 	1,07 	0,95 	0,93 	1,09 	1,11 	1,04 	0,82 	0,91 	0,91 	0,86 	0,76 	0,71 	0,82 	0,77 	0,65 	0,70 	0,78 	0,79 	0,67 	0,71 	0,79 	0,74 	0,69 	0,71 	0,76 	0,79 	0,67 	0,63 	0,79 	0,72	0,65	0,65	0,71	0,76	0,69	0,69	0,82	0,79	0,69	0,64	0,75	0,75	0,66
generated_other_fuels	1,56 	0,91 	0,85 	0,92 	1,59 	0,92 	0,86 	0,94 	1,12 	1,38 	0,72 	1,19 	0,94 	0,90 	0,88 	0,86 	0,92 	0,86 	0,95 	0,99 	1,00 	0,97 	0,90 	0,92 	0,67 	0,77 	0,68 	0,95 	0,94 	0,89 	0,94 	0,91 	0,91 	0,81 	0,82 	0,83 	0,80 	0,90 	0,95 	0,81 	0,85 	0,85 	0,71 	0,78 	0,82 	0,75 	0,85 	0,78 	0,64 	0,67 	0,64 	0,59 	0,74 	0,75 	0,78 	0,56 	0,78 	0,86 	0,88 	0,88 	0,84 	0,89 	0,83 	0,83 	0,99 	0,94 	0,96 	1,00 	1,19	1,15	1,17	1,12	1,40	1,30	1,34	1,53	1,29	1,30	1,30	1,24	1,35	1,36
generated_total	98,46 	83,86 	83,72 	97,49 	101,05 	85,27 	82,95 	98,88 	103,48 	88,51 	84,50 	100,58 	107,29 	89,93 	85,74 	101,82 	106,68 	89,68 	88,50 	102,38 	108,15 	93,20 	90,51 	106,50 	110,92 	87,64 	89,63 	105,74 	109,71 	93,18 	89,56 	105,91 	112,16 	91,17 	90,20 	103,76 	107,41 	91,73 	88,82 	108,86 	107,79 	90,18 	87,22 	103,73 	105,78 	85,21 	85,63 	100,13 	108,18 	86,51 	82,88 	104,50 	103,37 	85,07 	83,42 	96,13 	99,90 	85,33 	81,44 	97,21 	101,37 	83,73 	79,50 	93,68 	93,48 	78,66 	76,12 	89,83 	95,54	78,52	76,33	88,48	92,22	78,02	76,05	93,01	93,79	77,08	75,60	92,18	93,13	76,55
supplied_coal	33,68 	27,16 	25,99 	30,20 	29,12 	21,52 	21,72 	28,90 	31,15 	25,41 	24,22 	33,95 	39,13 	27,79 	24,80 	33,68 	35,61 	23,14 	23,72 	36,00 	38,75 	28,69 	25,91 	38,41 	39,57 	24,55 	24,79 	36,78 	40,60 	26,25 	21,16 	40,50 	47,56 	28,55 	26,86 	38,52 	37,02 	24,10 	25,62 	42,29 	33,42 	26,29 	22,01 	36,33 	37,81 	19,10 	15,57 	25,32 	30,97 	18,55 	18,81 	33,86 	33,36 	18,09 	18,15 	33,41 	39,91 	29,63 	27,31	38,67	39,30	27,36	25,19	31,73	32,77	20,96	15,08	26,27	28,04	15,19	12,17	16,58	13,94	4,34	2,57	8,25	9,90	1,46	2,05	7,97	8,34	1,18
supplied_oil	1,98 	1,65 	1,48 	1,73 	1,89 	1,35 	1,34 	1,49 	1,64 	1,37 	1,28 	1,64 	1,77 	1,28 	0,70 	1,03 	1,04 	0,80 	1,01 	1,36 	1,17 	1,01 	0,83 	1,16 	1,16 	0,96 	0,85 	1,12 	1,34 	0,72 	0,73 	1,86 	2,06 	1,00 	1,07 	1,29 	1,22 	1,03 	0,81 	1,40 	1,03 	1,21 	1,52 	2,13 	1,88 	1,03 	1,03 	1,42 	1,29 	0,83 	1,03 	1,16 	0,81 	0,51 	0,70 	0,79 	0,77 	0,61 	0,50	0,70	0,47	0,42	0,54	0,44	0,49	0,47	0,41	0,38	0,47	0,38	0,49	0,50	0,30	0,51	0,41	0,49	0,34	0,33	0,42	0,39	0,39	0,26
supplied_gas	29,71 	26,38 	27,55 	32,64 	35,98 	32,00 	32,84 	38,85 	39,96 	34,63 	34,03 	36,27 	36,66 	35,10 	32,17 	34,80 	37,47 	37,81 	37,00 	36,60 	35,96 	34,39 	36,67 	38,11 	38,45 	36,96 	38,50 	39,82 	35,74 	38,86 	40,05 	34,56 	29,98 	33,69 	35,36 	38,73 	42,82 	43,47 	36,55 	39,55 	47,61 	41,93 	43,28 	40,17 	37,27 	38,11 	42,07 	46,01 	47,33 	44,68 	40,11 	40,34 	37,59 	36,25 	37,92 	32,05 	26,71 	24,77 	22,54	24,25	26,71	23,70	20,95	22,66	21,31	23,33	28,62	25,74	23,19	23,02	26,06	25,73	33,45	33,82	32,04	41,30	37,25	31,22	29,62	36,15	36,26	31,53
supplied_nuclear	23,64 	21,52 	20,88 	24,56 	24,18 	22,72 	19,82 	20,96 	21,16 	19,41 	18,15 	19,63 	20,98 	18,59 	20,62 	22,79 	22,66 	19,89 	19,04 	19,50 	22,64 	20,73 	19,24 	19,30 	21,68 	17,13 	17,20 	17,67 	20,69 	18,24 	18,76 	17,48 	20,52 	18,21 	17,24 	13,26 	14,12 	13,73 	15,73 	13,66 	13,14 	11,08 	10,96 	12,49 	15,40 	16,45 	16,10 	14,81 	16,52 	12,61 	11,82 	15,49 	17,67 	17,40 	14,31 	13,28 	15,62 	16,83 	16,38	15,12	16,61	14,05	16,97	16,50	15,01	15,90	14,22	12,77	16,51	15,37	15,04	16,98	15,75	15,13	17,13	17,14	16,03	16,20	16,51	15,16	15,12	15,10
supplied_hydro	1,87 	0,82 	0,85 	1,55 	1,87 	1,07 	0,73 	1,64 	2,12 	0,68 	0,57 	1,69 	1,03 	0,57 	0,63 	1,80 	1,96 	1,13 	0,65 	1,02 	0,98 	0,68 	0,51 	1,04 	1,51 	0,73 	0,97 	1,61 	1,60 	0,99 	0,69 	1,47 	1,11 	0,96 	0,67 	1,82 	1,94 	0,84 	0,94 	1,31 	1,97 	0,84 	0,73 	1,57 	1,56 	0,91 	1,13 	1,60 	0,84 	0,65 	0,85 	1,23 	1,29 	1,13 	1,22 	2,00 	1,82 	0,79 	1,05	1,63	1,24	0,96	0,74	1,73	2,22	1,10	0,77	1,74	2,00	1,41	1,02	1,82	2,16	0,97	1,19	1,25	1,88	0,90	1,30	1,79	1,38	0,86
supplied_wind_solar	0,21 	0,21 	0,22 	0,23 	0,20 	0,21 	0,22 	0,23 	0,23 	0,23 	0,24 	0,25 	0,25 	0,24 	0,23 	0,25 	0,25 	0,28 	0,33 	0,40 	0,40 	0,25 	0,20 	0,44 	0,50 	0,36 	0,46 	0,62 	0,75 	0,54 	0,69 	0,93 	1,09 	0,79 	1,01 	1,35 	1,65 	0,93 	1,19 	1,51 	2,22 	1,27 	1,31 	2,35 	2,60 	1,98 	2,12 	2,60 	2,43 	1,67 	2,77 	3,45 	3,41 	3,69 	3,12 	5,99 	5,25 	4,33 	4,91	6,71	6,92	7,19	5,59	10,71	11,52	6,60	6,69	11,20	12,78	11,44	9,92	13,68	12,99	11,12	11,93	11,63	14,50	14,80	13,59	18,64	18,93	13,55
supplied_of_which_offshore																																																	0,67 	0,46 	0,83 	1,10 	1,00 	1,13 	1,10 	1,92 	1,51 	1,65 	1,71	2,74	2,82	2,63	1,98	4,03	4,38	2,09	2,24	4,69	4,68	3,58	3,41	5,76	5,15	3,25	3,58	4,42	5,17	3,99	3,96	7,84	7,92	4,72
supplied_bioenergy	0,71 	0,73 	0,75 	0,79 	0,87 	0,92 	0,95 	0,97 	1,02 	0,96 	1,05 	1,05 	1,10 	1,15 	1,24 	1,27 	1,35 	1,29 	1,31 	1,36 	1,60 	1,49 	1,49 	1,71 	1,81 	1,81 	1,80 	2,01 	2,35 	2,08 	2,03 	2,49 	2,37 	2,13 	2,11 	2,49 	2,26 	1,96 	1,98 	2,34 	2,18 	2,05 	2,07 	2,32 	2,53 	2,28 	2,23 	2,57 	2,70 	2,66 	2,84 	2,94 	2,99 	2,80 	2,98 	3,07 	3,45 	2,63 	3,11	3,75	3,58	4,40	3,86	3,83	3,91	4,70	5,12	5,80	6,05	6,10	6,11	7,14	7,45	6,72	5,38	6,62	7,64	6,67	6,61	6,21	6,32	7,28
supplied_pumped_storage	-0,26 	-0,23 	-0,26 	-0,27 	-0,28 	-0,23 	-0,24 	-0,22 	-0,24 	-0,22 	-0,20 	-0,24 	-0,26 	-0,16 	-0,20 	-0,25 	-0,24 	-0,21 	-0,22 	-0,23 	-0,23 	-0,19 	-0,25 	-0,23 	-0,25 	-0,21 	-0,23 	-0,25 	-0,24 	-0,23 	-0,19 	-0,27 	-0,34 	-0,25 	-0,31 	-0,30 	-0,28 	-0,28 	-0,33 	-0,34 	-0,29 	-0,30 	-0,35 	-0,35 	-0,33 	-0,26 	-0,29 	-0,29 	-0,29 	-0,27 	-0,23 	-0,28 	-0,26 	-0,22 	-0,23 	-0,24 	-0,26 	-0,24 	-0,25	-0,27	-0,27	-0,26	-0,26	-0,25	-0,26	-0,25	-0,24	-0,26	-0,25	-0,23	-0,25	-0,25	-0,27	-0,26	-0,23	-0,30	-0,29	-0,25	-0,21	-0,25	-0,27	-0,27
supplied_other_fuels	1,49 	0,87 	0,81 	0,88 	1,51 	0,88 	0,82 	0,89 	1,06 	1,31 	0,69 	1,13 	0,90 	0,86 	0,83 	0,82 	0,88 	0,83 	0,91 	0,95 	0,97 	0,94 	0,87 	0,89 	0,65 	0,74 	0,65 	0,91 	0,90 	0,86 	0,90 	0,88 	0,87 	0,78 	0,80 	0,80 	0,76 	0,86 	0,90 	0,78 	0,81 	0,80 	0,68 	0,74 	0,78 	0,71 	0,80 	0,74 	0,60 	0,63 	0,61 	0,56 	0,70 	0,70 	0,73 	0,53 	0,73 	0,81 	0,82	0,82	0,79	0,83	0,78	0,78	0,92	0,88	0,90	0,93	1,11	1,07	1,09	1,03	1,30	1,20	1,25	1,43	1,18	1,19	1,19	1,22	0,94	0,98
supplied_net_imports	4,21 	3,98 	0,85 	3,43 	3,62 	3,71 	3,29 	3,62 	3,24 	3,78 	3,72 	3,44 	3,24 	2,63 	2,64 	1,89 	1,82 	2,78 	0,65 	3,17 	0,80 	0,31 	-0,22 	1,28 	1,29 	1,69 	2,05 	2,46 	1,40 	2,13 	1,94 	2,85 	1,40 	2,86 	1,62 	1,63 	1,12 	0,89 	2,66 	0,54 	2,42 	3,56 	3,72 	1,33 	0,57 	2,78 	0,81 	-1,30 	-1,69 	1,42 	2,76 	0,18 	1,06 	1,53 	2,36 	1,27 	1,99 	3,12 	4,06	2,70	2,81	3,56	4,65	3,40	4,89	5,08	5,43	5,12	4,96	5,60	5,92	4,62	6,04	5,36	4,74	1,61	2,61	5,25	5,30	1,60	5,38	5,18
supplied_total	97,22 	83,08 	79,13 	95,74 	98,97 	84,14 	81,49 	97,32 	101,32 	87,56 	83,75 	98,81 	104,78 	88,05 	83,67 	98,07 	102,81 	87,73 	84,39 	100,14 	103,05 	88,29 	85,24 	102,11 	106,36 	84,71 	87,05 	102,77 	105,12 	90,44 	86,78 	102,76 	106,64 	88,71 	86,43 	99,60 	102,62 	87,54 	86,09 	103,03 	104,50 	88,73 	85,92 	99,08 	100,06 	83,09 	81,58 	93,47 	100,69 	83,43 	81,36 	98,91 	98,63 	81,89 	81,26 	92,14 	95,99 	83,27 	80,43	94,08	98,17	82,22	79,02	91,53	92,80	78,77	76,99	89,69	94,85	79,36	77,58	87,83	93,10	78,91	76,42	89,41	91,03	77,78	76,38	88,86	92,79	75,66